0 112
2.96965e+08 0
2.96965e+08 0
1.6724e+11 6.84124e+10
1.6724e+11 6.84124e+10
3.93238e+08 2.96965e+08
3.93238e+08 2.96965e+08
1.71258e+11 1.68656e+11
1.71258e+11 1.68656e+11
1.96874e+08 9.62727e+07
1.96874e+08 9.62727e+07
8.48438e+09 5.70375e+09
8.48438e+09 5.70375e+09
2.01033e+08 1.00262e+08
2.01033e+08 1.00262e+08
8.93206e+09 6.12585e+09
8.93206e+09 6.12585e+09
2.01033e+08 1.00096e+08
2.01033e+08 1.00096e+08
8.93206e+09 6.05607e+09
8.93206e+09 6.05607e+09
2.01033e+08 9.99414e+07
2.01033e+08 9.99414e+07
8.93206e+09 5.92713e+09
8.93206e+09 5.92713e+09
2.01033e+08 9.9813e+07
2.01033e+08 9.9813e+07
8.93206e+09 5.74161e+09
8.93206e+09 5.74161e+09
1.1856e+08 9.97239e+07
1.1856e+08 9.97239e+07
7.56532e+09 5.6006e+09
7.56532e+09 5.6006e+09
2.0746e+08 1.74272e+07
2.0746e+08 1.74272e+07
8.53365e+09 3.11436e+09
8.53365e+09 3.11436e+09
1.89831e+08 1.89046e+08
1.89831e+08 1.89046e+08
6.24143e+09 4.61416e+09
6.24143e+09 4.61416e+09
4.24374e+07 288645
4.24374e+07 288645
4.05746e+09 2.07935e+09
4.05746e+09 2.07935e+09
4.31666e+07 4.20738e+07
4.31666e+07 4.20738e+07
4.26285e+09 3.11426e+09
4.26285e+09 3.11426e+09
583761 396841
583761 396841
1.39366e+09 5.50092e+08
1.39366e+09 5.50092e+08
3.87982e+07 25445.5
3.87982e+07 25445.5
3.51029e+09 1.84487e+09
3.51029e+09 1.84487e+09
4.01834e+07 3.87573e+07
4.01834e+07 3.87573e+07
4.29284e+09 3.40209e+09
4.29284e+09 3.40209e+09
3.40973e+06 711937
3.40973e+06 711937
2.68644e+09 1.22443e+09
2.68644e+09 1.22443e+09
8.801e+06 2.43114e+06
8.801e+06 2.43114e+06
3.54718e+09 2.2903e+09
3.54718e+09 2.2903e+09
1.26017e+07 6.26246e+06
1.26017e+07 6.26246e+06
4.049e+09 2.91891e+09
4.049e+09 2.91891e+09
2.83734e+07 6.27747e+06
2.83734e+07 6.27747e+06
6.93045e+09 4.78683e+09
6.93045e+09 4.78683e+09
2.35438e+07 2.2053e+07
2.35438e+07 2.2053e+07
5.71015e+09 4.99643e+09
5.71015e+09 4.99643e+09
9.4419e+06 1.46331e+06
2.90019e+07 1.46331e+06
1.03524e+09 6.14448e+08
1.03524e+09 6.14591e+08
112446 12685.6
112446 12635.3
5.50218e+08 1.06695e+08
5.50218e+08 1.07302e+08
7.35656e+06 77567.6
7.35656e+06 77563.6
1.60375e+09 1.04466e+09
1.60375e+09 1.04474e+09
3.49242e+07 7.27144e+06
3.49242e+07 7.27143e+06
2.98371e+09 2.04725e+09
2.98371e+09 2.04731e+09
4.85518e+07 2.76463e+07
5.27688e+07 2.76463e+07
3.12962e+09 2.00593e+09
3.12962e+09 2.0901e+09
2.28253e+07 8.51566e+06
2.28253e+07 8.13618e+06
2.84783e+09 5.52246e+08
2.84783e+09 6.92876e+08
8.0076e+07 1.04834e+07
8.4293e+07 1.04662e+07
3.46384e+09 1.13789e+09
3.46384e+09 1.18302e+09
5.96592e+07 5.21048e+07
5.96592e+07 4.95676e+07
2.0465e+09 1.58762e+09
2.0465e+09 1.59954e+09